370143723
1892910749
1328211785
162959930
825893585
1606672534
885901560
843394269
1535408883
1453594229
784238531
1589848878
1598556572
1919881634
1508826463
1359459865
1363430622
1527950464
653997622
916727608
1393224078
1902875705
1305502811
745323078
372858995
283847019
1055668346
107999708
527410641
1525632118
344262046
691262104
155651658
402333960
1748344964
415068047
1021780473
1785168299
829569056
1103287868
1585389278
1807987017
2091673316
446120622
1083882277
1853135685
696125354
287915822
720563663
853198608
960693637
1595898913
202279761
249329926
747470985
2112993592
146230305
971443967
1888068875
1555214053
1459121134
1333134045
1287005164
1240498764
1291481472
1311879675
547093976
1630961825
1094122467
13833608
573215780
425974018
1782325075
288143522
252550269
1184684611
1673365740
812151068
416939544
263775847
874413121
1030728226
1846197680
53192257
649066247
1786970216
1049617017
1482528261
1747210133
669316253
678921185
1047739784
2144127935
1582606885
141464453
328664342
533655910
1263169498
66418644
1754136915
